         1
     -173878.978499999968335     -161520.214140000258340
     -173878.978499999968335     -162021.309140000259504
     -173578.321499999961816     -162021.309140000259504
     -173581.554399999964517     -161523.446940000285394
     -173878.978499999968335     -161520.214140000258340
END
         2
     -176082.593699999968521     -159973.500040000275476
     -176082.593699999968521     -159356.593740000273101
     -176308.999999999970896     -159356.593740000273101
     -176308.999999999970896     -159973.500040000275476
     -176082.593699999968521     -159973.500040000275476
END
END
